{
 "cells": [
  {
   "cell_type": "markdown",
   "metadata": {},
   "source": [
    "# Travelling Salesman Problem - Algoritmos géneticos"
   ]
  },
  {
   "cell_type": "markdown",
   "metadata": {},
   "source": [
    "## Pre-procesamiento de datos"
   ]
  },
  {
   "cell_type": "code",
   "execution_count": null,
   "metadata": {},
   "outputs": [],
   "source": [
    "# Importar librerías \n",
    "import numpy as np\n",
    "import pandas as pd\n",
    "import pygad"
   ]
  },
  {
   "cell_type": "code",
   "execution_count": null,
   "metadata": {},
   "outputs": [],
   "source": [
    "# Cargar dataset de distancias\n",
    "cost_matrix = pd.read_csv('matriz_costos.csv', index_col=0, encoding='latin1')"
   ]
  },
  {
   "cell_type": "code",
   "execution_count": null,
   "metadata": {},
   "outputs": [],
   "source": [
    "# Convertir nombres de las ciudades a números para poder usarlos como índices\n",
    "city_mapping = {city: idx for idx, city in enumerate(cost_matrix.index)}\n",
    "\n",
    "cost_matrix.index = range(len(cost_matrix))\n",
    "cost_matrix.columns = range(len(cost_matrix.columns))\n"
   ]
  },
  {
   "cell_type": "code",
   "execution_count": 4,
   "metadata": {},
   "outputs": [
    {
     "data": {
      "text/html": [
       "<div>\n",
       "<style scoped>\n",
       "    .dataframe tbody tr th:only-of-type {\n",
       "        vertical-align: middle;\n",
       "    }\n",
       "\n",
       "    .dataframe tbody tr th {\n",
       "        vertical-align: top;\n",
       "    }\n",
       "\n",
       "    .dataframe thead th {\n",
       "        text-align: right;\n",
       "    }\n",
       "</style>\n",
       "<table border=\"1\" class=\"dataframe\">\n",
       "  <thead>\n",
       "    <tr style=\"text-align: right;\">\n",
       "      <th></th>\n",
       "      <th>0</th>\n",
       "      <th>1</th>\n",
       "      <th>2</th>\n",
       "      <th>3</th>\n",
       "      <th>4</th>\n",
       "      <th>5</th>\n",
       "      <th>6</th>\n",
       "      <th>7</th>\n",
       "      <th>8</th>\n",
       "      <th>9</th>\n",
       "      <th>...</th>\n",
       "      <th>22</th>\n",
       "      <th>23</th>\n",
       "      <th>24</th>\n",
       "      <th>25</th>\n",
       "      <th>26</th>\n",
       "      <th>27</th>\n",
       "      <th>28</th>\n",
       "      <th>29</th>\n",
       "      <th>30</th>\n",
       "      <th>31</th>\n",
       "    </tr>\n",
       "  </thead>\n",
       "  <tbody>\n",
       "    <tr>\n",
       "      <th>0</th>\n",
       "      <td>0.000000</td>\n",
       "      <td>5048.119949</td>\n",
       "      <td>1656.053807</td>\n",
       "      <td>1126.497914</td>\n",
       "      <td>5150.608858</td>\n",
       "      <td>2615.243330</td>\n",
       "      <td>2391.775122</td>\n",
       "      <td>1626.762274</td>\n",
       "      <td>1819.093391</td>\n",
       "      <td>3754.690817</td>\n",
       "      <td>...</td>\n",
       "      <td>987.869264</td>\n",
       "      <td>859.898518</td>\n",
       "      <td>439.153442</td>\n",
       "      <td>1705.341614</td>\n",
       "      <td>2131.204457</td>\n",
       "      <td>1760.838604</td>\n",
       "      <td>4464.424239</td>\n",
       "      <td>4132.894624</td>\n",
       "      <td>2958.383711</td>\n",
       "      <td>250.487350</td>\n",
       "    </tr>\n",
       "    <tr>\n",
       "      <th>1</th>\n",
       "      <td>5048.119949</td>\n",
       "      <td>0.000000</td>\n",
       "      <td>3361.613411</td>\n",
       "      <td>3910.680533</td>\n",
       "      <td>656.006254</td>\n",
       "      <td>7123.512655</td>\n",
       "      <td>3898.993736</td>\n",
       "      <td>6180.026832</td>\n",
       "      <td>3349.964208</td>\n",
       "      <td>8307.942589</td>\n",
       "      <td>...</td>\n",
       "      <td>4061.927685</td>\n",
       "      <td>5342.955274</td>\n",
       "      <td>4432.797985</td>\n",
       "      <td>6258.593386</td>\n",
       "      <td>2997.521954</td>\n",
       "      <td>3579.513376</td>\n",
       "      <td>1469.668000</td>\n",
       "      <td>914.666325</td>\n",
       "      <td>2653.426051</td>\n",
       "      <td>5298.594513</td>\n",
       "    </tr>\n",
       "    <tr>\n",
       "      <th>2</th>\n",
       "      <td>1656.053807</td>\n",
       "      <td>3361.613411</td>\n",
       "      <td>0.000000</td>\n",
       "      <td>1728.076315</td>\n",
       "      <td>3464.102320</td>\n",
       "      <td>3731.446513</td>\n",
       "      <td>873.538944</td>\n",
       "      <td>2793.550690</td>\n",
       "      <td>300.857213</td>\n",
       "      <td>4848.435447</td>\n",
       "      <td>...</td>\n",
       "      <td>669.861543</td>\n",
       "      <td>1950.901919</td>\n",
       "      <td>1040.731843</td>\n",
       "      <td>2799.658030</td>\n",
       "      <td>457.163360</td>\n",
       "      <td>232.552426</td>\n",
       "      <td>2777.917701</td>\n",
       "      <td>2446.388086</td>\n",
       "      <td>1271.889959</td>\n",
       "      <td>1907.087371</td>\n",
       "    </tr>\n",
       "    <tr>\n",
       "      <th>3</th>\n",
       "      <td>1126.497914</td>\n",
       "      <td>3910.680533</td>\n",
       "      <td>1728.076315</td>\n",
       "      <td>0.000000</td>\n",
       "      <td>4013.169442</td>\n",
       "      <td>2871.947680</td>\n",
       "      <td>2463.797629</td>\n",
       "      <td>2589.880086</td>\n",
       "      <td>1891.115898</td>\n",
       "      <td>4712.764843</td>\n",
       "      <td>...</td>\n",
       "      <td>1018.629234</td>\n",
       "      <td>652.647919</td>\n",
       "      <td>615.262518</td>\n",
       "      <td>2663.987426</td>\n",
       "      <td>1609.208665</td>\n",
       "      <td>1469.196310</td>\n",
       "      <td>3326.984822</td>\n",
       "      <td>2996.014208</td>\n",
       "      <td>1378.029949</td>\n",
       "      <td>941.208421</td>\n",
       "    </tr>\n",
       "    <tr>\n",
       "      <th>4</th>\n",
       "      <td>5150.608858</td>\n",
       "      <td>656.006254</td>\n",
       "      <td>3464.102320</td>\n",
       "      <td>4013.169442</td>\n",
       "      <td>0.000000</td>\n",
       "      <td>7226.001563</td>\n",
       "      <td>4000.923645</td>\n",
       "      <td>6287.546741</td>\n",
       "      <td>3452.453117</td>\n",
       "      <td>8410.431497</td>\n",
       "      <td>...</td>\n",
       "      <td>4163.857594</td>\n",
       "      <td>5445.444183</td>\n",
       "      <td>4535.286893</td>\n",
       "      <td>6361.082294</td>\n",
       "      <td>3100.010863</td>\n",
       "      <td>3696.107670</td>\n",
       "      <td>1571.597909</td>\n",
       "      <td>1017.168020</td>\n",
       "      <td>2755.914959</td>\n",
       "      <td>5401.083421</td>\n",
       "    </tr>\n",
       "    <tr>\n",
       "      <th>5</th>\n",
       "      <td>2615.243330</td>\n",
       "      <td>7123.512655</td>\n",
       "      <td>3731.446513</td>\n",
       "      <td>2871.947680</td>\n",
       "      <td>7226.001563</td>\n",
       "      <td>0.000000</td>\n",
       "      <td>5007.018452</td>\n",
       "      <td>4247.036604</td>\n",
       "      <td>3894.486096</td>\n",
       "      <td>4238.754376</td>\n",
       "      <td>...</td>\n",
       "      <td>3021.440431</td>\n",
       "      <td>2219.299761</td>\n",
       "      <td>2690.155670</td>\n",
       "      <td>4861.138513</td>\n",
       "      <td>4206.597162</td>\n",
       "      <td>3472.566508</td>\n",
       "      <td>6539.816944</td>\n",
       "      <td>6208.287330</td>\n",
       "      <td>5034.335416</td>\n",
       "      <td>2364.209766</td>\n",
       "    </tr>\n",
       "    <tr>\n",
       "      <th>6</th>\n",
       "      <td>2391.775122</td>\n",
       "      <td>3898.993736</td>\n",
       "      <td>873.538944</td>\n",
       "      <td>2463.797629</td>\n",
       "      <td>4000.923645</td>\n",
       "      <td>5007.018452</td>\n",
       "      <td>0.000000</td>\n",
       "      <td>1727.510843</td>\n",
       "      <td>557.337569</td>\n",
       "      <td>5431.975716</td>\n",
       "      <td>...</td>\n",
       "      <td>1405.023858</td>\n",
       "      <td>2686.623234</td>\n",
       "      <td>1776.453157</td>\n",
       "      <td>3383.185513</td>\n",
       "      <td>1011.673492</td>\n",
       "      <td>783.049071</td>\n",
       "      <td>3315.298025</td>\n",
       "      <td>2983.768411</td>\n",
       "      <td>1608.794305</td>\n",
       "      <td>2642.249685</td>\n",
       "    </tr>\n",
       "    <tr>\n",
       "      <th>7</th>\n",
       "      <td>1626.762274</td>\n",
       "      <td>6180.026832</td>\n",
       "      <td>2793.550690</td>\n",
       "      <td>2589.880086</td>\n",
       "      <td>6287.546741</td>\n",
       "      <td>4247.036604</td>\n",
       "      <td>1727.510843</td>\n",
       "      <td>0.000000</td>\n",
       "      <td>2736.145934</td>\n",
       "      <td>3458.136508</td>\n",
       "      <td>...</td>\n",
       "      <td>1799.330492</td>\n",
       "      <td>2807.674690</td>\n",
       "      <td>1902.548401</td>\n",
       "      <td>1408.787305</td>\n",
       "      <td>3268.129553</td>\n",
       "      <td>2396.489249</td>\n",
       "      <td>5601.362122</td>\n",
       "      <td>5265.360508</td>\n",
       "      <td>4095.880594</td>\n",
       "      <td>1882.826838</td>\n",
       "    </tr>\n",
       "    <tr>\n",
       "      <th>8</th>\n",
       "      <td>1819.093391</td>\n",
       "      <td>3349.964208</td>\n",
       "      <td>300.857213</td>\n",
       "      <td>1891.115898</td>\n",
       "      <td>3452.453117</td>\n",
       "      <td>3894.486096</td>\n",
       "      <td>557.337569</td>\n",
       "      <td>2736.145934</td>\n",
       "      <td>0.000000</td>\n",
       "      <td>4859.030690</td>\n",
       "      <td>...</td>\n",
       "      <td>832.342127</td>\n",
       "      <td>2113.941503</td>\n",
       "      <td>1203.771426</td>\n",
       "      <td>2809.681487</td>\n",
       "      <td>462.643964</td>\n",
       "      <td>267.141904</td>\n",
       "      <td>2766.268497</td>\n",
       "      <td>2434.738883</td>\n",
       "      <td>1267.911147</td>\n",
       "      <td>2069.567954</td>\n",
       "    </tr>\n",
       "    <tr>\n",
       "      <th>9</th>\n",
       "      <td>3754.690817</td>\n",
       "      <td>8307.942589</td>\n",
       "      <td>4848.435447</td>\n",
       "      <td>4712.764843</td>\n",
       "      <td>8410.431497</td>\n",
       "      <td>4238.754376</td>\n",
       "      <td>5431.975716</td>\n",
       "      <td>3458.136508</td>\n",
       "      <td>4859.030690</td>\n",
       "      <td>0.000000</td>\n",
       "      <td>...</td>\n",
       "      <td>3921.462538</td>\n",
       "      <td>3707.962853</td>\n",
       "      <td>4025.433157</td>\n",
       "      <td>2051.424523</td>\n",
       "      <td>5391.014310</td>\n",
       "      <td>4519.374005</td>\n",
       "      <td>7724.246878</td>\n",
       "      <td>7392.717264</td>\n",
       "      <td>6017.743157</td>\n",
       "      <td>2377.320726</td>\n",
       "    </tr>\n",
       "    <tr>\n",
       "      <th>10</th>\n",
       "      <td>826.201792</td>\n",
       "      <td>5334.471117</td>\n",
       "      <td>1942.404975</td>\n",
       "      <td>1516.935650</td>\n",
       "      <td>5436.960025</td>\n",
       "      <td>2451.953518</td>\n",
       "      <td>3217.976914</td>\n",
       "      <td>2458.554066</td>\n",
       "      <td>2105.444558</td>\n",
       "      <td>1803.484254</td>\n",
       "      <td>...</td>\n",
       "      <td>1232.398893</td>\n",
       "      <td>1921.161995</td>\n",
       "      <td>901.114132</td>\n",
       "      <td>2426.427391</td>\n",
       "      <td>2417.542838</td>\n",
       "      <td>1683.524970</td>\n",
       "      <td>4750.775406</td>\n",
       "      <td>4419.804792</td>\n",
       "      <td>3245.293878</td>\n",
       "      <td>575.168228</td>\n",
       "    </tr>\n",
       "    <tr>\n",
       "      <th>11</th>\n",
       "      <td>962.336112</td>\n",
       "      <td>5515.041670</td>\n",
       "      <td>2056.093528</td>\n",
       "      <td>1920.422924</td>\n",
       "      <td>5631.635964</td>\n",
       "      <td>3577.579442</td>\n",
       "      <td>2639.633797</td>\n",
       "      <td>679.204563</td>\n",
       "      <td>2066.129772</td>\n",
       "      <td>2802.102107</td>\n",
       "      <td>...</td>\n",
       "      <td>1129.314330</td>\n",
       "      <td>2143.248528</td>\n",
       "      <td>1233.091239</td>\n",
       "      <td>752.752904</td>\n",
       "      <td>2598.113391</td>\n",
       "      <td>1727.032086</td>\n",
       "      <td>4931.904959</td>\n",
       "      <td>4600.375345</td>\n",
       "      <td>3225.401239</td>\n",
       "      <td>1212.810675</td>\n",
       "    </tr>\n",
       "    <tr>\n",
       "      <th>12</th>\n",
       "      <td>650.403868</td>\n",
       "      <td>4495.807863</td>\n",
       "      <td>1103.754508</td>\n",
       "      <td>1026.437761</td>\n",
       "      <td>4598.296772</td>\n",
       "      <td>3266.206198</td>\n",
       "      <td>1839.475822</td>\n",
       "      <td>1743.079878</td>\n",
       "      <td>1266.794091</td>\n",
       "      <td>3865.977421</td>\n",
       "      <td>...</td>\n",
       "      <td>436.128964</td>\n",
       "      <td>1249.263365</td>\n",
       "      <td>339.093289</td>\n",
       "      <td>1816.628218</td>\n",
       "      <td>1578.892371</td>\n",
       "      <td>1208.526518</td>\n",
       "      <td>3912.671152</td>\n",
       "      <td>3581.141538</td>\n",
       "      <td>2406.643411</td>\n",
       "      <td>901.437431</td>\n",
       "    </tr>\n",
       "    <tr>\n",
       "      <th>13</th>\n",
       "      <td>5442.203279</td>\n",
       "      <td>9995.455051</td>\n",
       "      <td>6536.506909</td>\n",
       "      <td>6048.123234</td>\n",
       "      <td>10097.943959</td>\n",
       "      <td>1796.355751</td>\n",
       "      <td>7119.488178</td>\n",
       "      <td>5145.648970</td>\n",
       "      <td>6546.543152</td>\n",
       "      <td>1686.997690</td>\n",
       "      <td>...</td>\n",
       "      <td>5608.975000</td>\n",
       "      <td>5395.475315</td>\n",
       "      <td>5712.945619</td>\n",
       "      <td>3739.495985</td>\n",
       "      <td>7078.539558</td>\n",
       "      <td>6206.886467</td>\n",
       "      <td>9411.759340</td>\n",
       "      <td>9080.788726</td>\n",
       "      <td>7705.255619</td>\n",
       "      <td>4065.392188</td>\n",
       "    </tr>\n",
       "    <tr>\n",
       "      <th>14</th>\n",
       "      <td>10018.927147</td>\n",
       "      <td>14577.772299</td>\n",
       "      <td>11186.836944</td>\n",
       "      <td>8497.804746</td>\n",
       "      <td>14680.261208</td>\n",
       "      <td>5625.310853</td>\n",
       "      <td>11702.364426</td>\n",
       "      <td>9722.935218</td>\n",
       "      <td>11128.860401</td>\n",
       "      <td>6269.314939</td>\n",
       "      <td>...</td>\n",
       "      <td>10192.057746</td>\n",
       "      <td>7845.156827</td>\n",
       "      <td>8973.668127</td>\n",
       "      <td>8321.813234</td>\n",
       "      <td>11660.856807</td>\n",
       "      <td>10789.216503</td>\n",
       "      <td>13994.076589</td>\n",
       "      <td>13657.525381</td>\n",
       "      <td>12287.572868</td>\n",
       "      <td>8647.722223</td>\n",
       "    </tr>\n",
       "    <tr>\n",
       "      <th>15</th>\n",
       "      <td>6817.663096</td>\n",
       "      <td>11370.914868</td>\n",
       "      <td>7979.407726</td>\n",
       "      <td>5290.388315</td>\n",
       "      <td>11473.403777</td>\n",
       "      <td>2418.440635</td>\n",
       "      <td>8494.947995</td>\n",
       "      <td>6516.077787</td>\n",
       "      <td>7922.002970</td>\n",
       "      <td>3062.457508</td>\n",
       "      <td>...</td>\n",
       "      <td>6985.187528</td>\n",
       "      <td>4637.740396</td>\n",
       "      <td>5108.596305</td>\n",
       "      <td>5114.955802</td>\n",
       "      <td>8453.986589</td>\n",
       "      <td>7582.346284</td>\n",
       "      <td>10787.219157</td>\n",
       "      <td>10456.248543</td>\n",
       "      <td>9080.715437</td>\n",
       "      <td>5440.852005</td>\n",
       "    </tr>\n",
       "    <tr>\n",
       "      <th>16</th>\n",
       "      <td>1481.940528</td>\n",
       "      <td>5476.131284</td>\n",
       "      <td>2084.077929</td>\n",
       "      <td>536.713386</td>\n",
       "      <td>5631.102234</td>\n",
       "      <td>2347.937376</td>\n",
       "      <td>2819.240244</td>\n",
       "      <td>2945.881701</td>\n",
       "      <td>2247.117513</td>\n",
       "      <td>3889.082508</td>\n",
       "      <td>...</td>\n",
       "      <td>1426.553888</td>\n",
       "      <td>128.637614</td>\n",
       "      <td>1023.746173</td>\n",
       "      <td>3019.430041</td>\n",
       "      <td>2611.697832</td>\n",
       "      <td>1825.197924</td>\n",
       "      <td>4892.435574</td>\n",
       "      <td>4560.905959</td>\n",
       "      <td>3238.426680</td>\n",
       "      <td>790.543609</td>\n",
       "    </tr>\n",
       "    <tr>\n",
       "      <th>17</th>\n",
       "      <td>1107.393553</td>\n",
       "      <td>4525.567411</td>\n",
       "      <td>1066.060269</td>\n",
       "      <td>1528.191447</td>\n",
       "      <td>4628.056320</td>\n",
       "      <td>3723.195883</td>\n",
       "      <td>1541.137761</td>\n",
       "      <td>1743.603198</td>\n",
       "      <td>1076.655513</td>\n",
       "      <td>3865.928954</td>\n",
       "      <td>...</td>\n",
       "      <td>747.390431</td>\n",
       "      <td>1706.240264</td>\n",
       "      <td>840.846975</td>\n",
       "      <td>1817.151538</td>\n",
       "      <td>1608.651919</td>\n",
       "      <td>0.000000</td>\n",
       "      <td>3941.871701</td>\n",
       "      <td>3610.342086</td>\n",
       "      <td>2235.367980</td>\n",
       "      <td>1403.191117</td>\n",
       "    </tr>\n",
       "    <tr>\n",
       "      <th>18</th>\n",
       "      <td>5320.802797</td>\n",
       "      <td>277.014193</td>\n",
       "      <td>3634.296259</td>\n",
       "      <td>4178.891381</td>\n",
       "      <td>669.515142</td>\n",
       "      <td>7396.195503</td>\n",
       "      <td>4171.676584</td>\n",
       "      <td>6457.740680</td>\n",
       "      <td>3622.647056</td>\n",
       "      <td>8580.625437</td>\n",
       "      <td>...</td>\n",
       "      <td>4334.610533</td>\n",
       "      <td>5615.638122</td>\n",
       "      <td>4705.480832</td>\n",
       "      <td>6531.276234</td>\n",
       "      <td>3270.204802</td>\n",
       "      <td>3852.183437</td>\n",
       "      <td>1742.350848</td>\n",
       "      <td>1187.361959</td>\n",
       "      <td>2926.108898</td>\n",
       "      <td>5586.429959</td>\n",
       "    </tr>\n",
       "    <tr>\n",
       "      <th>19</th>\n",
       "      <td>3015.087102</td>\n",
       "      <td>3441.288381</td>\n",
       "      <td>1328.593350</td>\n",
       "      <td>3087.109609</td>\n",
       "      <td>3543.777289</td>\n",
       "      <td>5090.479807</td>\n",
       "      <td>1865.401888</td>\n",
       "      <td>4152.024985</td>\n",
       "      <td>1316.931360</td>\n",
       "      <td>6274.909741</td>\n",
       "      <td>...</td>\n",
       "      <td>2028.335838</td>\n",
       "      <td>3309.935213</td>\n",
       "      <td>2399.765137</td>\n",
       "      <td>4225.573325</td>\n",
       "      <td>964.489107</td>\n",
       "      <td>1546.480528</td>\n",
       "      <td>1342.923198</td>\n",
       "      <td>2526.622056</td>\n",
       "      <td>1344.128751</td>\n",
       "      <td>3265.561665</td>\n",
       "    </tr>\n",
       "    <tr>\n",
       "      <th>20</th>\n",
       "      <td>1612.299538</td>\n",
       "      <td>3436.454452</td>\n",
       "      <td>231.404518</td>\n",
       "      <td>1694.888162</td>\n",
       "      <td>3538.943360</td>\n",
       "      <td>3698.258360</td>\n",
       "      <td>1138.842980</td>\n",
       "      <td>2760.362538</td>\n",
       "      <td>565.602249</td>\n",
       "      <td>4882.688294</td>\n",
       "      <td>...</td>\n",
       "      <td>636.673391</td>\n",
       "      <td>1917.713766</td>\n",
       "      <td>1007.543690</td>\n",
       "      <td>2833.910878</td>\n",
       "      <td>519.538959</td>\n",
       "      <td>541.552289</td>\n",
       "      <td>2853.317741</td>\n",
       "      <td>2521.788127</td>\n",
       "      <td>1347.277213</td>\n",
       "      <td>1873.340218</td>\n",
       "    </tr>\n",
       "    <tr>\n",
       "      <th>21</th>\n",
       "      <td>2112.443162</td>\n",
       "      <td>2949.165411</td>\n",
       "      <td>425.949411</td>\n",
       "      <td>2184.465670</td>\n",
       "      <td>3051.095320</td>\n",
       "      <td>4187.835868</td>\n",
       "      <td>949.269325</td>\n",
       "      <td>3249.381046</td>\n",
       "      <td>400.811584</td>\n",
       "      <td>5372.265802</td>\n",
       "      <td>...</td>\n",
       "      <td>1126.250898</td>\n",
       "      <td>2407.291274</td>\n",
       "      <td>1497.121198</td>\n",
       "      <td>3322.929386</td>\n",
       "      <td>61.845168</td>\n",
       "      <td>643.836589</td>\n",
       "      <td>2365.469701</td>\n",
       "      <td>2033.940086</td>\n",
       "      <td>867.112350</td>\n",
       "      <td>2362.917726</td>\n",
       "    </tr>\n",
       "    <tr>\n",
       "      <th>22</th>\n",
       "      <td>987.869264</td>\n",
       "      <td>4061.927685</td>\n",
       "      <td>669.861543</td>\n",
       "      <td>1018.629234</td>\n",
       "      <td>4163.857594</td>\n",
       "      <td>3021.440431</td>\n",
       "      <td>1405.023858</td>\n",
       "      <td>1799.330492</td>\n",
       "      <td>832.342127</td>\n",
       "      <td>3921.462538</td>\n",
       "      <td>...</td>\n",
       "      <td>0.000000</td>\n",
       "      <td>1240.895838</td>\n",
       "      <td>331.284761</td>\n",
       "      <td>1872.878832</td>\n",
       "      <td>1145.012193</td>\n",
       "      <td>410.422538</td>\n",
       "      <td>3478.231975</td>\n",
       "      <td>3146.702360</td>\n",
       "      <td>1972.191447</td>\n",
       "      <td>1238.902827</td>\n",
       "    </tr>\n",
       "    <tr>\n",
       "      <th>23</th>\n",
       "      <td>859.898518</td>\n",
       "      <td>5342.955274</td>\n",
       "      <td>1950.901919</td>\n",
       "      <td>652.647919</td>\n",
       "      <td>5445.444183</td>\n",
       "      <td>2219.299761</td>\n",
       "      <td>2686.623234</td>\n",
       "      <td>2807.674690</td>\n",
       "      <td>2113.941503</td>\n",
       "      <td>3707.962853</td>\n",
       "      <td>...</td>\n",
       "      <td>1240.895838</td>\n",
       "      <td>0.000000</td>\n",
       "      <td>838.088122</td>\n",
       "      <td>4330.905990</td>\n",
       "      <td>2426.039782</td>\n",
       "      <td>1692.021914</td>\n",
       "      <td>4759.259563</td>\n",
       "      <td>4428.288949</td>\n",
       "      <td>3253.790822</td>\n",
       "      <td>608.864954</td>\n",
       "    </tr>\n",
       "    <tr>\n",
       "      <th>24</th>\n",
       "      <td>439.153442</td>\n",
       "      <td>4432.797985</td>\n",
       "      <td>1040.731843</td>\n",
       "      <td>615.262518</td>\n",
       "      <td>4535.286893</td>\n",
       "      <td>2690.155670</td>\n",
       "      <td>1776.453157</td>\n",
       "      <td>1902.548401</td>\n",
       "      <td>1203.771426</td>\n",
       "      <td>4025.433157</td>\n",
       "      <td>...</td>\n",
       "      <td>331.284761</td>\n",
       "      <td>838.088122</td>\n",
       "      <td>0.000000</td>\n",
       "      <td>1976.642954</td>\n",
       "      <td>1515.882492</td>\n",
       "      <td>781.851838</td>\n",
       "      <td>3849.102274</td>\n",
       "      <td>3518.131660</td>\n",
       "      <td>2143.157553</td>\n",
       "      <td>325.386904</td>\n",
       "    </tr>\n",
       "    <tr>\n",
       "      <th>25</th>\n",
       "      <td>1705.341614</td>\n",
       "      <td>6258.593386</td>\n",
       "      <td>2799.658030</td>\n",
       "      <td>2663.987426</td>\n",
       "      <td>6361.082294</td>\n",
       "      <td>4861.138513</td>\n",
       "      <td>3383.185513</td>\n",
       "      <td>1408.787305</td>\n",
       "      <td>2809.681487</td>\n",
       "      <td>2051.424523</td>\n",
       "      <td>...</td>\n",
       "      <td>1872.878832</td>\n",
       "      <td>4330.905990</td>\n",
       "      <td>1976.642954</td>\n",
       "      <td>0.000000</td>\n",
       "      <td>3341.677893</td>\n",
       "      <td>2470.596589</td>\n",
       "      <td>5675.456675</td>\n",
       "      <td>5343.927061</td>\n",
       "      <td>3968.965741</td>\n",
       "      <td>1956.375178</td>\n",
       "    </tr>\n",
       "    <tr>\n",
       "      <th>26</th>\n",
       "      <td>2131.204457</td>\n",
       "      <td>2997.521954</td>\n",
       "      <td>457.163360</td>\n",
       "      <td>1609.208665</td>\n",
       "      <td>3100.010863</td>\n",
       "      <td>4206.597162</td>\n",
       "      <td>1011.673492</td>\n",
       "      <td>3268.129553</td>\n",
       "      <td>462.643964</td>\n",
       "      <td>5391.014310</td>\n",
       "      <td>...</td>\n",
       "      <td>1145.012193</td>\n",
       "      <td>2426.039782</td>\n",
       "      <td>1515.882492</td>\n",
       "      <td>3341.677893</td>\n",
       "      <td>0.000000</td>\n",
       "      <td>675.050538</td>\n",
       "      <td>2413.826244</td>\n",
       "      <td>2082.855629</td>\n",
       "      <td>908.344716</td>\n",
       "      <td>2381.679020</td>\n",
       "    </tr>\n",
       "    <tr>\n",
       "      <th>27</th>\n",
       "      <td>1760.838604</td>\n",
       "      <td>3579.513376</td>\n",
       "      <td>232.552426</td>\n",
       "      <td>1469.196310</td>\n",
       "      <td>3696.107670</td>\n",
       "      <td>3472.566508</td>\n",
       "      <td>783.049071</td>\n",
       "      <td>2396.489249</td>\n",
       "      <td>267.141904</td>\n",
       "      <td>4519.374005</td>\n",
       "      <td>...</td>\n",
       "      <td>410.422538</td>\n",
       "      <td>1692.021914</td>\n",
       "      <td>781.851838</td>\n",
       "      <td>2470.596589</td>\n",
       "      <td>675.050538</td>\n",
       "      <td>0.000000</td>\n",
       "      <td>2995.804878</td>\n",
       "      <td>2664.275264</td>\n",
       "      <td>1289.313944</td>\n",
       "      <td>2056.077168</td>\n",
       "    </tr>\n",
       "    <tr>\n",
       "      <th>28</th>\n",
       "      <td>4464.424239</td>\n",
       "      <td>1469.668000</td>\n",
       "      <td>2777.917701</td>\n",
       "      <td>3326.984822</td>\n",
       "      <td>1571.597909</td>\n",
       "      <td>6539.816944</td>\n",
       "      <td>3315.298025</td>\n",
       "      <td>5601.362122</td>\n",
       "      <td>2766.268497</td>\n",
       "      <td>7724.246878</td>\n",
       "      <td>...</td>\n",
       "      <td>3478.231975</td>\n",
       "      <td>4759.259563</td>\n",
       "      <td>3849.102274</td>\n",
       "      <td>5675.456675</td>\n",
       "      <td>2413.826244</td>\n",
       "      <td>2995.804878</td>\n",
       "      <td>0.000000</td>\n",
       "      <td>554.442675</td>\n",
       "      <td>2069.730340</td>\n",
       "      <td>4715.457802</td>\n",
       "    </tr>\n",
       "    <tr>\n",
       "      <th>29</th>\n",
       "      <td>4132.894624</td>\n",
       "      <td>914.666325</td>\n",
       "      <td>2446.388086</td>\n",
       "      <td>2996.014208</td>\n",
       "      <td>1017.168020</td>\n",
       "      <td>6208.287330</td>\n",
       "      <td>2983.768411</td>\n",
       "      <td>5265.360508</td>\n",
       "      <td>2434.738883</td>\n",
       "      <td>7392.717264</td>\n",
       "      <td>...</td>\n",
       "      <td>3146.702360</td>\n",
       "      <td>4428.288949</td>\n",
       "      <td>3518.131660</td>\n",
       "      <td>5343.927061</td>\n",
       "      <td>2082.855629</td>\n",
       "      <td>2664.275264</td>\n",
       "      <td>554.442675</td>\n",
       "      <td>0.000000</td>\n",
       "      <td>1738.759726</td>\n",
       "      <td>4383.928188</td>\n",
       "    </tr>\n",
       "    <tr>\n",
       "      <th>30</th>\n",
       "      <td>2958.383711</td>\n",
       "      <td>2653.426051</td>\n",
       "      <td>1271.889959</td>\n",
       "      <td>1378.029949</td>\n",
       "      <td>2755.914959</td>\n",
       "      <td>5034.335416</td>\n",
       "      <td>1608.794305</td>\n",
       "      <td>4095.880594</td>\n",
       "      <td>1267.911147</td>\n",
       "      <td>6017.743157</td>\n",
       "      <td>...</td>\n",
       "      <td>1972.191447</td>\n",
       "      <td>3253.790822</td>\n",
       "      <td>2143.157553</td>\n",
       "      <td>3968.965741</td>\n",
       "      <td>908.344716</td>\n",
       "      <td>1289.313944</td>\n",
       "      <td>2069.730340</td>\n",
       "      <td>1738.759726</td>\n",
       "      <td>0.000000</td>\n",
       "      <td>3008.954081</td>\n",
       "    </tr>\n",
       "    <tr>\n",
       "      <th>31</th>\n",
       "      <td>250.487350</td>\n",
       "      <td>5298.594513</td>\n",
       "      <td>1907.087371</td>\n",
       "      <td>941.208421</td>\n",
       "      <td>5401.083421</td>\n",
       "      <td>2364.209766</td>\n",
       "      <td>2642.249685</td>\n",
       "      <td>1882.826838</td>\n",
       "      <td>2069.567954</td>\n",
       "      <td>2377.320726</td>\n",
       "      <td>...</td>\n",
       "      <td>1238.902827</td>\n",
       "      <td>608.864954</td>\n",
       "      <td>325.386904</td>\n",
       "      <td>1956.375178</td>\n",
       "      <td>2381.679020</td>\n",
       "      <td>2056.077168</td>\n",
       "      <td>4715.457802</td>\n",
       "      <td>4383.928188</td>\n",
       "      <td>3008.954081</td>\n",
       "      <td>0.000000</td>\n",
       "    </tr>\n",
       "  </tbody>\n",
       "</table>\n",
       "<p>32 rows × 32 columns</p>\n",
       "</div>"
      ],
      "text/plain": [
       "              0             1             2            3             4   \\\n",
       "0       0.000000   5048.119949   1656.053807  1126.497914   5150.608858   \n",
       "1    5048.119949      0.000000   3361.613411  3910.680533    656.006254   \n",
       "2    1656.053807   3361.613411      0.000000  1728.076315   3464.102320   \n",
       "3    1126.497914   3910.680533   1728.076315     0.000000   4013.169442   \n",
       "4    5150.608858    656.006254   3464.102320  4013.169442      0.000000   \n",
       "5    2615.243330   7123.512655   3731.446513  2871.947680   7226.001563   \n",
       "6    2391.775122   3898.993736    873.538944  2463.797629   4000.923645   \n",
       "7    1626.762274   6180.026832   2793.550690  2589.880086   6287.546741   \n",
       "8    1819.093391   3349.964208    300.857213  1891.115898   3452.453117   \n",
       "9    3754.690817   8307.942589   4848.435447  4712.764843   8410.431497   \n",
       "10    826.201792   5334.471117   1942.404975  1516.935650   5436.960025   \n",
       "11    962.336112   5515.041670   2056.093528  1920.422924   5631.635964   \n",
       "12    650.403868   4495.807863   1103.754508  1026.437761   4598.296772   \n",
       "13   5442.203279   9995.455051   6536.506909  6048.123234  10097.943959   \n",
       "14  10018.927147  14577.772299  11186.836944  8497.804746  14680.261208   \n",
       "15   6817.663096  11370.914868   7979.407726  5290.388315  11473.403777   \n",
       "16   1481.940528   5476.131284   2084.077929   536.713386   5631.102234   \n",
       "17   1107.393553   4525.567411   1066.060269  1528.191447   4628.056320   \n",
       "18   5320.802797    277.014193   3634.296259  4178.891381    669.515142   \n",
       "19   3015.087102   3441.288381   1328.593350  3087.109609   3543.777289   \n",
       "20   1612.299538   3436.454452    231.404518  1694.888162   3538.943360   \n",
       "21   2112.443162   2949.165411    425.949411  2184.465670   3051.095320   \n",
       "22    987.869264   4061.927685    669.861543  1018.629234   4163.857594   \n",
       "23    859.898518   5342.955274   1950.901919   652.647919   5445.444183   \n",
       "24    439.153442   4432.797985   1040.731843   615.262518   4535.286893   \n",
       "25   1705.341614   6258.593386   2799.658030  2663.987426   6361.082294   \n",
       "26   2131.204457   2997.521954    457.163360  1609.208665   3100.010863   \n",
       "27   1760.838604   3579.513376    232.552426  1469.196310   3696.107670   \n",
       "28   4464.424239   1469.668000   2777.917701  3326.984822   1571.597909   \n",
       "29   4132.894624    914.666325   2446.388086  2996.014208   1017.168020   \n",
       "30   2958.383711   2653.426051   1271.889959  1378.029949   2755.914959   \n",
       "31    250.487350   5298.594513   1907.087371   941.208421   5401.083421   \n",
       "\n",
       "             5             6            7             8            9   ...  \\\n",
       "0   2615.243330   2391.775122  1626.762274   1819.093391  3754.690817  ...   \n",
       "1   7123.512655   3898.993736  6180.026832   3349.964208  8307.942589  ...   \n",
       "2   3731.446513    873.538944  2793.550690    300.857213  4848.435447  ...   \n",
       "3   2871.947680   2463.797629  2589.880086   1891.115898  4712.764843  ...   \n",
       "4   7226.001563   4000.923645  6287.546741   3452.453117  8410.431497  ...   \n",
       "5      0.000000   5007.018452  4247.036604   3894.486096  4238.754376  ...   \n",
       "6   5007.018452      0.000000  1727.510843    557.337569  5431.975716  ...   \n",
       "7   4247.036604   1727.510843     0.000000   2736.145934  3458.136508  ...   \n",
       "8   3894.486096    557.337569  2736.145934      0.000000  4859.030690  ...   \n",
       "9   4238.754376   5431.975716  3458.136508   4859.030690     0.000000  ...   \n",
       "10  2451.953518   3217.976914  2458.554066   2105.444558  1803.484254  ...   \n",
       "11  3577.579442   2639.633797   679.204563   2066.129772  2802.102107  ...   \n",
       "12  3266.206198   1839.475822  1743.079878   1266.794091  3865.977421  ...   \n",
       "13  1796.355751   7119.488178  5145.648970   6546.543152  1686.997690  ...   \n",
       "14  5625.310853  11702.364426  9722.935218  11128.860401  6269.314939  ...   \n",
       "15  2418.440635   8494.947995  6516.077787   7922.002970  3062.457508  ...   \n",
       "16  2347.937376   2819.240244  2945.881701   2247.117513  3889.082508  ...   \n",
       "17  3723.195883   1541.137761  1743.603198   1076.655513  3865.928954  ...   \n",
       "18  7396.195503   4171.676584  6457.740680   3622.647056  8580.625437  ...   \n",
       "19  5090.479807   1865.401888  4152.024985   1316.931360  6274.909741  ...   \n",
       "20  3698.258360   1138.842980  2760.362538    565.602249  4882.688294  ...   \n",
       "21  4187.835868    949.269325  3249.381046    400.811584  5372.265802  ...   \n",
       "22  3021.440431   1405.023858  1799.330492    832.342127  3921.462538  ...   \n",
       "23  2219.299761   2686.623234  2807.674690   2113.941503  3707.962853  ...   \n",
       "24  2690.155670   1776.453157  1902.548401   1203.771426  4025.433157  ...   \n",
       "25  4861.138513   3383.185513  1408.787305   2809.681487  2051.424523  ...   \n",
       "26  4206.597162   1011.673492  3268.129553    462.643964  5391.014310  ...   \n",
       "27  3472.566508    783.049071  2396.489249    267.141904  4519.374005  ...   \n",
       "28  6539.816944   3315.298025  5601.362122   2766.268497  7724.246878  ...   \n",
       "29  6208.287330   2983.768411  5265.360508   2434.738883  7392.717264  ...   \n",
       "30  5034.335416   1608.794305  4095.880594   1267.911147  6017.743157  ...   \n",
       "31  2364.209766   2642.249685  1882.826838   2069.567954  2377.320726  ...   \n",
       "\n",
       "              22           23           24           25            26  \\\n",
       "0     987.869264   859.898518   439.153442  1705.341614   2131.204457   \n",
       "1    4061.927685  5342.955274  4432.797985  6258.593386   2997.521954   \n",
       "2     669.861543  1950.901919  1040.731843  2799.658030    457.163360   \n",
       "3    1018.629234   652.647919   615.262518  2663.987426   1609.208665   \n",
       "4    4163.857594  5445.444183  4535.286893  6361.082294   3100.010863   \n",
       "5    3021.440431  2219.299761  2690.155670  4861.138513   4206.597162   \n",
       "6    1405.023858  2686.623234  1776.453157  3383.185513   1011.673492   \n",
       "7    1799.330492  2807.674690  1902.548401  1408.787305   3268.129553   \n",
       "8     832.342127  2113.941503  1203.771426  2809.681487    462.643964   \n",
       "9    3921.462538  3707.962853  4025.433157  2051.424523   5391.014310   \n",
       "10   1232.398893  1921.161995   901.114132  2426.427391   2417.542838   \n",
       "11   1129.314330  2143.248528  1233.091239   752.752904   2598.113391   \n",
       "12    436.128964  1249.263365   339.093289  1816.628218   1578.892371   \n",
       "13   5608.975000  5395.475315  5712.945619  3739.495985   7078.539558   \n",
       "14  10192.057746  7845.156827  8973.668127  8321.813234  11660.856807   \n",
       "15   6985.187528  4637.740396  5108.596305  5114.955802   8453.986589   \n",
       "16   1426.553888   128.637614  1023.746173  3019.430041   2611.697832   \n",
       "17    747.390431  1706.240264   840.846975  1817.151538   1608.651919   \n",
       "18   4334.610533  5615.638122  4705.480832  6531.276234   3270.204802   \n",
       "19   2028.335838  3309.935213  2399.765137  4225.573325    964.489107   \n",
       "20    636.673391  1917.713766  1007.543690  2833.910878    519.538959   \n",
       "21   1126.250898  2407.291274  1497.121198  3322.929386     61.845168   \n",
       "22      0.000000  1240.895838   331.284761  1872.878832   1145.012193   \n",
       "23   1240.895838     0.000000   838.088122  4330.905990   2426.039782   \n",
       "24    331.284761   838.088122     0.000000  1976.642954   1515.882492   \n",
       "25   1872.878832  4330.905990  1976.642954     0.000000   3341.677893   \n",
       "26   1145.012193  2426.039782  1515.882492  3341.677893      0.000000   \n",
       "27    410.422538  1692.021914   781.851838  2470.596589    675.050538   \n",
       "28   3478.231975  4759.259563  3849.102274  5675.456675   2413.826244   \n",
       "29   3146.702360  4428.288949  3518.131660  5343.927061   2082.855629   \n",
       "30   1972.191447  3253.790822  2143.157553  3968.965741    908.344716   \n",
       "31   1238.902827   608.864954   325.386904  1956.375178   2381.679020   \n",
       "\n",
       "              27            28            29            30           31  \n",
       "0    1760.838604   4464.424239   4132.894624   2958.383711   250.487350  \n",
       "1    3579.513376   1469.668000    914.666325   2653.426051  5298.594513  \n",
       "2     232.552426   2777.917701   2446.388086   1271.889959  1907.087371  \n",
       "3    1469.196310   3326.984822   2996.014208   1378.029949   941.208421  \n",
       "4    3696.107670   1571.597909   1017.168020   2755.914959  5401.083421  \n",
